247
248
249
250
251
252
253
254
255
0
1
2
3
4
5
6
7
8
9
10
15
16
17
18
19
20
21
22
23
24
26
27
28
29
30
5
36
37
38
39
40
41
42
43
44
45
46
51
52
53
54
55
56
57
58
59
60
61
62
63
64
65
66
67
68
69
70
73
74
75
76
77
78
83
84
85
86
87
88
89
90
91
92
93
94
2
100
101
102
103
104
105
106
251
112
113
114
115
116
117
118
119
120
121
122
126
127
128
129
130
131
132
133
134
135
136
137
138
139
140
141
142
148
149
150
151
152
153
154
155
156
157
158
159
160
161
162
255
168
169
170
173
174
175
176
177
178
179
180
181
182
252
188
189
190
191
192
193
194
199
200
201
202
203
204
205
206
250
212
213
214
215
216
217
218
126
224
225
226
227
228
229
230
231
232
233
234
6
240
241
242
243
244
245
246
247
248
249
250
255
0
1
2
3
4
5
6
7
8
9
9
16
17
18
19
20
22
23
24
25
26
27
28
29
30
31
32
33
34
7
40
41
42
43
44
45
46
51
52
53
54
253
58
59
60
61
62
67
68
69
70
71
72
73
74
75
76
77
78
247
84
85
86
87
88
89
90
91
92
93
94
248
100
101
102
103
104
105
106
244
110
111
112
113
114
115
116
117
118
247
124
125
126
127
128
129
130
4
136
137
138
143
144
145
146
147
148
149
248
156
157
247
164
165
166
167
168
169
170
4
176
177
178
179
180
181
182
248
188
189
190
248
196
197
198
248
204
205
206
207
208
209
210
3
216
217
218
219
220
221
222
249
228
229
230
231
232
233
234
239
240
241
242
246
247
248
249
250
251
252
253
254
255
0
1
2
1
8
9
10
11
12
13
14
0
24
25
26
253
36
37
38
41
42
43
44
45
46
47
48
49
50
56
57
58
59
60
61
62
67
68
69
70
71
72
73
74
253
80
81
82
83
84
85
0
88
89
90
252
96
97
98
99
100
101
102
1
108
109
110
111
112
113
114
250
120
121
122
123
124
125
126
127
128
129
0
132
133
134
6
140
141
142
7
148
149
150
151
152
153
154
244
160
161
162
163
164
165
166
8
172
173
174
177
178
179
180
181
182
183
184
185
186
245
192
193
194
195
196
198
199
200
201
202
203
204
205
206
207
208
209
210
247
216
217
218
219
220
221
222
229
230
231
232
233
234
235
236
237
238
4
244
245
246
251
252
253
254
255
0
1
2
3
4
5
6
3
12
13
14
18
19
20
21
22
23
24
25
26
248
32
33
34
35
36
37
38
4
44
45
46
47
48
49
50
248
56
57
58
62
63
64
65
66
67
68
69
70
4
76
77
79
80
81
82
83
84
85
86
4
92
93
94
95
96
97
98
248
104
105
106
135
112
113
114
115
116
117
118
123
124
125
126
127
128
129
130
249
136
137
138
139
140
141
142
3
148
149
150
151
152
153
154
250
160
161
162
163
164
165
166
1
172
173
174
175
176
177
178
252
184
185
186
187
188
189
190
0
196
197
198
199
200
201
202
209
210
211
212
213
214
215
217
218
254
224
225
226
231
232
233
234
235
236
237
238
253
244
245
246
247
248
249
250
0
0
1
2
0
8
9
10
11
12
13
14
252
20
21
22
23
24
25
26
2
32
33
34
35
36
37
38
249
44
45
46
47
48
49
0
52
53
54
247
60
61
62
63
64
65
66
7
72
73
74
75
76
77
78
244
84
85
86
87
88
89
90
95
96
97
98
99
100
102
103
104
105
106
107
108
109
110
245
116
117
118
119
120
121
122
123
124
125
126
246
132
133
134
139
140
141
142
143
144
145
0
148
149
150
247
156
157
158
159
160
161
162
4
168
169
170
4
176
177
178
179
180
181
182
248
188
189
190
194
195
196
197
198
199
200
201
202
4
208
209
210
211
212
213
214
248
220
221
222
223
224
225
226
4
232
233
234
238
239
240
241
242
248
249
250
251
252
253
254
255
0
1
2
4
8
9
10
11
12
13
14
248
20
21
22
23
24
25
26
145
32
33
34
35
36
37
38
39
40
41
42
3
48
49
50
51
52
53
54
248
60
61
62
63
64
65
66
3
72
73
74
2
80
81
82
83
84
85
86
251
92
93
94
95
96
97
98
0
104
105
106
107
108
109
110
253
116
117
118
24
122
123
125
126
127
128
129
130
254
136
137
138
139
140
141
142
255
148
149
150
151
152
153
154
253
160
161
162
163
164
165
0
168
169
170
254
176
177
178
179
180
181
182
254
188
189
190
191
192
193
194
252
200
201
202
203
204
205
206
3
212
213
214
218
219
220
221
222
6
228
229
230
231
232
233
234
245
240
241
242
243
244
245
246
8
252
253
254
3
4
5
6
7
8
9
15
16
18
19
20
21
22
27
28
29
30
31
32
33
34
246
40
41
42
43
44
45
46
6
52
53
54
5
60
61
62
63
64
65
66
247
72
73
74
79
80
81
82
83
84
85
86
4
92
93
94
4
100
101
102
109
110
111
112
113
114
115
116
117
118
4
124
125
126
127
128
129
130
248
136
137
138
139
140
141
142
4
148
149
150
151
152
153
154
159
160
161
162
164
165
166
167
168
169
170
248
176
177
178
179
180
181
182
4
188
189
190
195
196
197
198
201
202
203
204
205
206
211
212
213
214
219
220
221
222
223
224
225
226
249
232
233
234
239
240
241
242
243
244
245
0
248
249
250
250
0
1
2
250
8
9
10
11
12
13
14
1
20
21
22
23
24
25
26
251
32
33
34
35
36
37
0
40
41
42
252
48
49
50
51
52
53
54
255
61
62
63
64
65
66
254
72
73
74
75
76
77
78
83
84
85
86
253
92
93
94
95
96
97
98
0
104
105
106
107
108
109
110
251
116
117
118
119
120
121
122
2
128
129
130
131
132
133
134
138
139
140
141
142
143
144
145
146
1
152
153
154
155
156
157
158
249
164
165
166
167
168
169
170
4
176
177
178
179
180
181
0
184
185
186
6
192
193
194
195
196
198
199
200
201
202
8
208
209
210
211
212
213
214
245
220
221
222
223
224
225
226
7
232
233
234
237
238
239
240
241
242
243
244
245
246
246
252
253
254
255
0
1
2
5
8
9
10
11
12
13
14
249
20
21
22
23
24
25
0
28
29
30
248
36
37
38
39
40
41
42
3
48
49
50
51
52
53
54
249
60
61
62
63
64
65
66
207
71
72
73
74
3
80
81
82
84
85
86
91
92
93
94
95
96
97
98
3
104
105
106
107
108
109
110
248
116
117
118
119
120
121
122
4
128
129
130
131
132
133
134
248
140
141
142
143
144
145
146
3
152
153
154
155
156
157
158
248
164
165
166
171
172
173
174
249
180
181
182
183
184
185
186
191
192
193
194
195
196
197
198
249
204
205
206
207
208
209
3
216
217
218
3
224
225
226
227
229
230
231
232
233
234
3
240
241
242
243
244
245
246
250
252
253
254
255
0
1
1
8
9
10
11
12
13
14
251
20
21
22
23
24
25
26
0
32
33
34
35
36
37
38
253
44
45
46
49
50
51
52
53
54
55
56
57
58
255
64
65
66
67
68
69
70
71
72
73
74
254
80
81
82
83
84
85
86
254
92
93
94
99
100
101
102
106
107
108
109
110
111
112
114
115
116
117
118
255
124
125
126
131
132
133
134
139
140
141
142
143
144
145
0
148
149
150
0
156
157
158
0
164
165
166
167
168
169
170
253
176
177
178
179
180
181
182
1
188
189
190
191
192
193
199
200
201
202
203
204
205
206
2
212
213
214
215
216
217
218
249
224
225
226
231
232
233
234
235
236
237
238
86
241
242
247
248
249
250
251
252
253
254
6
4
5
6
7
8
9
0
12
13
14
15
16
17
18
246
24
25
26
27
28
29
30
157
36
37
38
43
44
45
46
47
48
49
50
247
56
57
58
59
60
61
62
4
68
69
70
71
72
73
74
248
80
81
82
25
86
87
88
89
90
91
92
93
94
3
100
101
102
103
104
105
106
249
112
113
114
115
116
117
118
2
124
125
126
129
130
131
132
133
134
135
136
137
138
250
144
145
146
250
153
154
155
156
157
158
159
160
161
162
249
168
169
170
171
172
173
174
1
163
184
185
186
249
192
193
194
195
196
197
198
199
200
201
202
249
208
209
210
211
212
213
214
215
216
217
218
249
224
225
226
250
232
233
234
235
236
237
238
2
244
245
246
247
248
249
250
250
0
1
2
7
8
9
10
11
12
13
14
2
20
21
22
23
24
25
26
250
32
0
35
36
37
38
39
40
41
42
250
48
49
50
51
52
53
54
63
64
65
66
67
68
69
70
1
76
77
78
79
80
81
82
250
88
89
90
91
92
93
94
1
100
101
102
107
108
109
110
111
112
113
0
116
117
118
119
120
121
122
251
128
129
130
131
132
133
134
1
140
141
142
143
144
145
146
252
152
153
154
155
165
160
161
162
253
168
169
170
171
172
173
174
180
181
182
183
184
185
186
187
188
189
190
255
196
197
198
199
200
201
202
203
204
205
206
207
208
254
216
217
218
219
220
221
222
255
228
229
230
231
232
233
234
254
240
241
242
243
244
245
246
253
254
255
0
1
2
254
8
9
10
11
12
13
14
253
20
21
22
23
24
25
26
255
32
33
34
35
36
37
38
255
48
49
50
51
52
53
54
253
60
61
62
63
65
66
67
68
69
70
253
76
77
78
79
80
81
82
253
92
93
94
95
96
97
98
99
100
101
102
252
108
109
110
111
112
113
114
115
116
117
118
252
124
125
126
127
128
129
130
1
136
137
138
141
142
143
144
145
146
147
148
149
150
251
156
157
158
159
160
161
162
2
168
169
170
171
172
173
174
172
184
185
186
187
188
189
190
249
196
197
198
249
204
205
207
208
209
210
211
212
213
214
249
220
221
222
223
224
225
226
198
231
232
233
234
4
240
241
242
243
244
245
246
249
252
253
254
255
0
1
2
3
8
9
10
11
12
13
14
249
20
21
22
31
32
33
34
35
36
37
38
250
44
45
46
47
48
49
50
2
56
57
58
59
60
61
62
250
68
69
70
219
74
75
76
77
78
79
80
81
82
2
88
89
90
92
93
94
95
96
97
98
1
104
105
106
107
108
109
110
111
171
116
117
118
251
124
125
126
127
128
129
130
1
136
137
138
139
140
141
142
251
148
149
150
151
152
153
154
170
160
161
162
163
164
165
166
251
172
173
174
175
176
177
178
179
180
181
182
251
188
189
190
191
192
193
194
1
200
201
202
207
208
209
210
213
214
215
216
217
218
223
224
225
226
227
228
230
231
232
233
234
1
240
241
242
243
244
245
246
251
252
253
254
1
2
3
4
5
6
7
8
9
10
1
16
17
18
19
20
21
22
251
28
29
30
31
32
33
34
1
40
41
42
46
47
48
49
50
51
52
53
54
252
60
61
62
67
68
69
70
71
72
73
74
0
80
81
82
83
84
85
0
88
89
90
0
96
97
98
99
100
101
102
252
108
109
110
111
112
113
115
116
117
118
252
124
125
126
127
128
129
130
0
136
137
138
143
144
145
146
0
152
153
154
155
156
157
158
252
164
165
166
167
168
169
170
0
176
177
178
179
180
181
182
203
187
188
189
190
191
192
193
194
0
200
201
202
203
204
205
206
252
212
213
214
215
216
217
218
219
220
221
222
252
228
229
230
233
234
235
236
237
238
239
240
241
242
0
248
249
250
251
253
254
255
0
1
2
0
8
9
10
11
12
13
14
252
171
24
25
26
0
32
33
34
35
36
37
38
252
44
45
46
47
48
49
50
0
56
57
58
59
60
61
62
253
172
72
73
74
75
76
77
78
253
84
85
86
87
88
89
90
255
96
97
98
103
104
105
106
107
108
109
110
219
113
114
119
120
121
122
123
124
125
126
253
132
133
134
135
136
137
138
255
144
146
147
148
149
150
253
156
157
158
161
162
163
164
165
166
253
172
173
174
254
180
181
182
183
184
185
186
254
192
193
194
195
196
197
198
199
200
201
202
254
212
213
214
215
216
217
218
254
224
225
226
227
228
229
230
254
236
237
238
239
240
241
242
243
244
245
246
255
252
253
254
255
0
1
0
4
5
6
255
12
13
14
15
16
17
18
19
20
21
22
255
28
29
31
32
33
34
253
40
41
42
43
44
45
46
255
52
53
54
59
60
61
62
63
64
65
66
253
72
73
74
75
76
77
78
255
84
85
86
91
92
93
94
95
96
97
98
175
104
105
106
107
108
109
110
0
116
117
118
119
120
121
122
252
128
129
130
131
132
133
134
135
136
137
138
145
146
252
152
153
154
155
156
157
158
1
164
165
166
171
172
173
174
0
177
178
179
180
181
182
2
188
189
190
191
192
193
194
250
200
201
202
249
208
209
210
215
216
217
218
219
220
221
222
4
228
229
230
231
232
233
234
235
236
237
238
177
244
245
246
4
252
253
254
255
0
1
2
249
8
9
10
11
12
13
14
4
20
21
22
23
24
25
26
249
32
33
34
38
39
40
41
42
43
44
45
46
3
52
53
54
55
56
58
250
64
65
66
67
68
69
70
75
76
77
78
79
80
81
82
250
88
89
90
91
92
93
94
1
100
101
102
103
104
105
106
251
112
113
114
115
116
117
118
1
124
125
126
1
132
133
134
1
140
141
142
143
144
145
146
251
152
153
154
155
156
157
158
1
164
165
166
167
168
169
170
177
178
179
180
181
182
183
184
185
186
251
192
193
194
199
200
201
203
204
205
206
1
212
213
214
215
216
217
218
251
224
225
226
229
230
231
232
233
234
239
240
241
242
243
244
245
246
1
252
253
254
3
4
5
6
7
8
9
10
250
16
17
18
19
20
21
22
2
28
29
30
31
32
33
34
250
40
41
42
43
44
45
46
2
52
53
54
55
56
57
58
250
183
68
69
70
2
76
77
78
79
80
81
82
250
88
89
90
91
93
94
95
96
97
98
250
104
105
106
250
112
113
114
250
120
121
122
123
124
125
126
127
128
129
130
131
132
133
134
2
140
141
142
2
148
149
150
155
156
157
158
159
160
161
162
167
168
169
170
171
172
173
174
2
180
181
182
183
184
185
186
251
192
193
194
195
196
197
198
0
204
205
206
209
210
211
212
213
214
215
216
217
218
252
224
225
226
227
228
230
231
232
233
234
254
240
241
242
243
244
245
246
247
185
252
253
254
252
4
5
6
249
12
13
14
15
16
17
18
4
24
25
26
27
28
29
30
250
36
37
38
39
40
41
47
48
49
50
51
52
53
54
251
60
61
62
63
64
65
66
71
72
73
74
75
76
77
78
250
84
85
86
91
92
93
94
99
100
101
102
247
108
109
110
111
112
113
114
3
120
121
123
124
125
126
251
132
133
134
135
136
137
0
140
141
142
252
148
149
150
151
152
153
154
254
160
161
162
163
164
165
166
253
172
173
174
175
176
177
178
187
188
189
190
251
196
197
198
199
200
201
202
2
208
209
210
211
212
213
214
250
220
221
222
227
228
229
230
231
232
233
234
203
240
241
242
243
244
245
246
250
252
253
254
255
0
1
2
2
8
9
10
11
13
14
250
20
21
22
247
25
26
27
28
29
30
250
36
37
38
39
40
41
42
2
48
49
50
51
52
53
54
250
60
61
62
63
64
65
66
1
72
73
74
78
79
80
81
82
83
84
85
86
251
92
93
94
95
96
97
98
1
104
105
106
111
112
113
114
115
116
117
118
251
124
125
126
127
128
129
130
1
136
137
138
139
140
141
142
251
148
149
150
151
152
154
155
156
157
158
251
208
168
169
170
175
176
177
178
179
180
181
182
251
188
189
190
191
192
193
194
1
200
201
202
203
204
205
206
207
211
212
213
214
219
220
221
222
223
224
225
226
227
228
229
230
251
236
237
238
239
240
241
242
1
248
249
250
251
252
253
254
5
6
7
8
9
10
11
12
13
14
251
20
21
22
23
24
25
26
0
32
33
34
35
36
37
0
40
41
42
252
52
53
54
55
56
57
58
255
64
65
66
67
68
69
70
71
72
73
74
255
80
81
82
83
84
85
86
254
92
93
94
98
99
100
101
102
103
104
105
106
254
112
113
114
115
116
117
118
255
124
125
126
127
128
129
130
253
136
137
138
139
140
141
142
143
214
148
149
150
255
156
157
158
159
160
161
162
254
168
169
170
171
172
173
174
255
181
182
183
184
185
186
187
188
189
0
192
193
194
253
200
201
202
207
208
209
210
211
212
213
214
1
220
221
222
223
224
225
226
250
232
233
234
238
239
240
241
242
250
248
249
250
251
252
253
254
3
4
5
6
7
8
9
10
249
16
17
18
248
24
25
26
27
28
29
30
4
36
37
38
39
40
41
42
248
48
49
50
51
52
53
54
3
60
61
62
63
64
66
249
72
73
74
75
76
217
80
81
82
249
88
89
90
91
92
93
94
2
100
101
102
103
104
105
106
250
112
113
114
115
116
117
118
2
124
125
126
127
128
129
250
136
137
138
139
140
141
142
2
148
149
150
151
152
153
154
250
160
161
162
163
164
165
166
2
172
173
174
175
176
177
0
180
181
182
183
184
185
186
250
192
193
194
195
196
197
198
1
204
205
206
207
208
209
210
216
217
218
222
223
224
225
226
251
232
233
234
235
236
237
238
1
244
245
246
251
252
253
254
255
0
1
2
7
8
9
10
133
13
14
15
16
17
18
252
24
25
26
27
28
29
30
0
36
37
38
39
40
41
42
253
48
49
50
51
52
53
54
218
60
61
62
63
64
65
66
254
72
73
74
79
80
81
82
83
84
85
86
254
92
93
94
95
96
97
98
255
105
106
107
108
109
110
111
112
113
0
116
117
118
253
124
125
126
127
128
129
130
0
136
137
138
139
140
141
142
252
148
149
150
151
152
153
154
2
160
161
162
167
168
169
170
171
172
173
174
249
180
181
182
183
184
185
186
4
192
193
194
5
200
201
202
207
208
209
210
215
216
217
218
223
224
225
226
227
228
229
230
247
236
237
238
239
240
241
242
247
248
250
251
252
253
254
255
0
1
2
216
8
9
10
3
16
17
18
19
20
21
22
250
28
29
30
31
32
33
34
2
40
41
42
43
44
45
46
250
52
53
54
250
214
64
65
66
2
72
73
74
75
76
77
78
249
84
85
86
87
88
89
90
3
96
97
98
99
100
101
102
250
108
109
110
111
112
113
114
115
116
117
118
250
124
125
126
131
132
133
134
136
137
138
2
144
145
146
147
148
149
150
1
160
161
162
163
164
165
166
252
172
173
174
175
176
177
178
0
184
185
186
187
188
189
190
253
196
197
198
203
204
205
206
207
208
209
214
212
213
214
254
220
221
222
223
224
225
226
254
232
233
234
235
236
237
238
255
244
245
246
247
248
249
250
253
214
4
5
6
0
12
13
14
15
16
17
18
252
24
25
26
27
29
30
31
32
33
34
252
40
41
42
43
44
45
46
47
217
52
53
54
4
60
61
62
63
64
65
66
248
72
73
74
75
76
77
78
6
84
85
86
87
88
89
90
213
95
96
97
98
247
104
105
106
107
108
109
110
5
116
117
118
119
120
121
122
248
128
129
130
131
132
133
134
215
140
141
142
143
144
145
146
249
152
153
154
155
156
157
158
3
164
166
167
168
169
170
249
176
177
178
179
180
181
182
249
192
193
194
195
196
197
198
3
204
205
206
207
208
209
210
248
216
217
218
223
224
225
226
231
232
233
234
235
236
237
0
240
241
242
246
248
249
250
251
252
253
254
4
4
5
6
7
8
9
10
247
16
17
18
19
20
21
22
3
28
29
30
31
32
33
34
252
40
41
42
43
44
45
46
255
52
53
54
56
57
58
59
60
61
62
63
64
65
66
217
72
73
74
75
76
77
78
254
84
85
86
87
88
89
90
255
96
97
98
99
100
101
102
254
108
109
110
111
112
113
114
216
120
121
122
0
128
129
130
131
132
133
134
135
136
137
138
139
140
141
142
143
144
145
146
147
148
149
150
151
152
153
154
155
156
157
158
159
160
161
162
163
164
165
166
167
168
169
170
171
173
174
218
176
177
178
179
180
181
182
183
184
185
186
187
188
189
190
191
192
193
194
195
196
197
198
199
200
201
202
203
204
205
206
